338974
566286
701605
228265
877974
341471
765414
393410
288204
918955
905145
505652
295029
417614
648471
414724
774333
939742
812996
353624
319872
636628
472300
475356
112877
299727
308266
142155
172289
868817
878375
364058
260142
130139
114130
597439
798941
196638
457382
348505
858051
281013
554792
702983
273063
565313
786540
623642
656851
231074
608747
347533
842823
883647
545624
944521
325001
995898
414175
559083
649408
754485
699412
353534
861841
294377
680122
791815
805428
341283
583530
500971
788501
813734
331044
899355
223719
996614
348723
454716
969039
339427
616083
602573
434562
495834
766120
441587
188291
529956
321710
659832
979331
754303
351651
360053
160045
291604
623823
749223
556361
899949
428708
573158
532560
305225
987618
913975
366901
271548
164445
554335
308334
383880
535665
386685
975044
755684
193795
401922
978321
542105
617379
655054
793887
894431
793333
312227
410280
265416
225690
402789
270167
837203
786256
180669
768964
649082
133882
650497
883443
524740
904692
173851
532037
783468
385440
209092
880388
106016
622376
518521
987185
138101
731510
396839
804077
137777
292766
210731
131029
426314
815704
111983
244924
703498
496152
200697
453756
262656
543246
866184
294233
203114
222814
939377
867312
256399
677898
809821
164156
991799
202837
973487
197304
955251
305601
306858
896012
120090
168638
311320
858979
454750
963497
782700
304784
166675
828196
276212
492844
525092
612163
570319
639946
449446
864116
889085
562668
891657
117644
981450
193814
786226
759176
686665
900944
225897
146136
690738
804591
524771
288086
495080
951822
474088
313521
815613
266570
738096
355541
734862
768648
910636
157667
604916
105624
656647
522617
858538
714501
748803
797041
115769
927519
718686
367129
565634
108198
895918
283709
193365
704672
991995
821435
806932
194458
385027
488554
657893
643077
664966
960321
135400
842195
190083
885600
324985
309198
163421
474259
334971
267350
814629
831772
263494
237901
110655
318210
394431
287686
713399
651957
500444
788621
157479
596365
352122
264470
409414
294623
690789
207747
273604
577714
166714
926400
870590
169355
451858
503191
952617
233108
588170
132132
620403
726127
738626
985383
752454
520077
721645
586791
868488
701230
164936
144617
753514
172606
808297
370029
787152
594387
478528
536058
563001
961506
526876
215386
312223
364709
505003
917078
609307
277981
499268
898757
629053
544940
164568
514531
106671
232456
838119
354451
438368
418565
285785
317031
942878
817547
286876
418907
807774
830603
107814
170517
655736
530425
983823
447846
821427
585354
229545
830012
710904
160446
531924
665258
979237
456481
893227
905429
839347
969979
490108
177496
901290
804576
464483
768338
278489
359373
896439
232871
394799
422001
500942
474749
346911
835302
209090
826484
685048
776872
295169
650848
558337
130485
382039
616937
313702
159227
374861
906254
870991
424743
637738
273954
597551
411549
858207
673370
842886
134906
583866
590429
956636
859815
247128
912755
377499
217546
200204
892996
862234
391705
286282
223059
491595
866890
238869
485394
320519
618342
729827
914318
326148
812476
759931
628226
982474
782451
920774
489650
835683
976600
118071
907451
546236
847989
991147
389374
116533
644379
153607
890942
450020
116874
293905
454706
610110
665753
452719
304750
562611
697521
861790
997413
664139
451801
870314
852640
410266
498797
385301
435316
897483
181358
976347
939831
500700
520090
496347
227855
867863
523070
298075
602203
246636
970916
655304
540615
286251
739554
568589
693828
679152
139642
692569
602500
874168
251797
253477
160093
708346
849327
503792
171522
180512
244042
700742
451501
724723
694925
907826
892017
343984
577786
563283
830926
473535
786232
686301
414537
124205
718998
745248
402706
796927
420783
185783
859010
790110
114764
763884
189345
865743
475245
640110
291401
788775
668268
297655
622119
883812
703764
149081
579526
806271
156597
624191
152713
414192
202674
320083
656333
819766
494514
321905
487987
526501
273616
336955
299130
952363
687788
853386
467724
897790
106867
300368
117088
624123
302654
686408
761090
388243
930819
326412
534110
401975
756695
330991
909701
780851
595306
325134
947583
234550
116462
987376
195392
555218
564564
583806
773473
151906
883358
927839
848190
965672
691591
257908
181966
640932
335489
317470
298370
847283
319885
666080
132096
142424
624142
967110
535517
474109
532443
537190
357164
401070
529828
148477
748384
828433
548914
623596
343831
569790
227318
914431
148284
719015
679890
681975
498142
796302
854716
156143
135746
246498
843846
707455
655724
958375
370005
864152
889741
615462
831595
187052
764394
170712
574509
305364
604177
228224
632374
740440
172560
940508
609459
476937
771808
832973
370384
964799
546137
999255
505353
326029
771555
801997
975719
607608
281833
380447
119155
321330
153120
205902
702418
573621
322496
543585
859690
215641
279440
694768
955054
602589
493482
402524
967112
710537
248721
612197
971233
210701
976569
270096
266156
612059
847937
969727
285371
800909
605311
187784
390508
810345
905145
537373
703255
194250
738412
726070
155720
783546
662510
151761
348116
982612
310349
519581
413006
791332
674319
879960
632267
447450
305921
946107
891692
573046
491927
244348
647701
784823
742141
682715
527470
812980
973794
712894
993748
504579
315521
776232
359798
120297
190154
250675
663828
415849
592191
918532
932532
648544
436591
638072
305596
157923
445496
863444
919625
930029
501743
892857
241448
161275
871603
545062
598963
606905
952800
668348
787606
554549
828003
256088
104063
558908
401949
767239
162042
193800
271675
638976
413126
811749
485353
469372
505212
584307
188698
612545
831954
161313
444307
670533
850174
373493
163849
696570
886681
253249
645456
228394
685895
614635
755625
468778
900043
305427
616711
861597
589127
975212
936382
571126
651251
244784
280686
465881
939276
981215
378524
441387
212346
382858
218449
234290
290607
191574
555448
901340
783212
814340
474024
259616
101180
411625
312670
820173
700742
967482
446136
854552
959013
830314
218183
393627
666374
464380
497241
621170
405105
634814
598983
413270
287775
963570
433700
957420
399331
133273
557491
634256
615822
142072
997433
631928
729506
574524
569869
536817
308018
127743
589733
396642
825295
183051
174274
812057
497920
216027
110327
984907
543408
602826
397333
227602
650206
912162
854831
750826
916505
913123
268131
412605
629717
750366
607340
205929
650293
747601
500894
705891
688424
126514
762464
808468
234407
292536
535324
690628
265608
810095
826785
460561
738086
250285
898565
463487
164770
383462
889279
370224
587803
360147
989592
811892
981005
462323
949593
375245
791546
484331
810869
452463
573566
634967
684008
261560
985160
773265
431675
285939
470303
578722
725517
100306
269984
898967
368800
897837
154037
992113
383217
145651
706803
140540
113590
837000
901178
958813
221240
637710
272458
869391
152315
395387
498206
146589
259261
628100
625183
443956
406426
123569
705330
677625
718593
547929
677944
287864
930987
475110
139111
376927
809958
476521
604069
707431
149532
428841
514826
632253
243367
822598
223719
895625
435852
872728
913852
319049
852699
674135
121916
594953
509991
766447
720495
808503
616118
419295
212145
964852
918493
114616
559511
711251
462917
218096
779183
671213
232439
325881
212741
954670
577336
348658
638248
788723
999108
453898
848073
815244
554945
952770
882549
597849
934966
394461
195591
507549
312080
751385
402997
715734
877551
653117
909643
708238
169546
954902
765130
526167
319299
409207
753422
462662
545823
443609
359774
531787
947617
691336
861206
706224
604600
349874
529510
599742
281982
502788
332212
689888
956488
781576
739799
321847
523410
131278
867909
379859
771814
542152
421467
329122
629379
992138
856387
408057
449154
340961
987486
431519
752192
587722
232747
521353
356534
112846
730900
986289
182254
140812
654006
876023
731528
350771
758618
594942
349104
130109
201712
921623
642054
944586
170704
159320
119798
350499
467071
407645
586414
618668
473978
621712
548012
836538
316258
757535
260002
964127
831573
687158
879796
134396
384855
604887
740322
384497
794583
542961
699774
467873
949274
668713
478261
886540
143813
858954
188766
952443
348622
771959
646034
192743
208386
134437
487769
369221
374356
263914
793106
576475
935411
986506
219105
573723
704006
900806
195292
762178
855974
628870
622500
189144
137859
551748
728863
135183
892640
902747
934118
709227
342459
509578
938564
605285
843049
823838
735206
304053
684734
173997
902142
359751
419228
934313
699894
723030
480709
452351
441277
933688
789195
585325
199658
516664
348099
553195
901193
301538
816893
727057
608009
305307
476571
921239
155649
134693
980342
570475
958053
451849
704015
144345
724298
507407
407329
952517
763465
563861
450732
141692
928414
247165
548599
504368
820692
148616
626044
784051
600531
493129
291682
802962
302634
366306
740289
777295
487293
616363
216101
338909
227713
801843
339072
449993
369446
197358
781044
192969
734776
730376
217008
513227
501792
934787
920850
724265
234287
388916
318209
580042
685332
339622
902051
774120
138847
903394
988625
905119
761587
169527
720495
281977
781638
797044
114235
700594
465393
375506
441773
706403
571496
679544
978320
859009
248220
639691
883791
511401
673546
690655
937621
586319
323064
670062
291190
272685
859954
482351
140972
761638
218630
642308
156294
907792
665424
458468
965521
884073
727929
833728
601910
483129
439844
626459
234136
461497
265391
447441
465936
674697
396300
975716
833246
132370
457848
152407
838201
106640
486596
315789
143599
240482
377258
527164
186314
488143
738908
306014
301175
747641
219777
353336
205680
723181
916268
364978
302042
273317
615200
456618
497664
525463
176029
228217
234942
991966
681957
193519
467169
436442
128083
485114
865087
387534
390724
515897
517013
236174
815079
655092
878102
259438
317712
446803
185100
334747
762876
239271
953345
944131
274028
481973
952174
236400
704732
590726
256289
111792
534250
540412
281901
292359
760639
291913
166296
940605
740313
623000
569921
630299
237183
552068
498515
437741
373257
506335
733460
459166
998206
498432
567417
814730
653981
460820
168854
453526
549843
372678
541054
583723
758195
365996
670815
891416
243999
992275
619458
508911
575530
249993
724247
643007
169420
958615
234349
881187
218662
699330
134083
524166
565194
946498
777108
208676
965792
262524
602629
225885
921333
337674
893943
408475
402801
544924
183775
135666
144261
783218
615563
275552
155735
871486
316028
790612
591130
726552
881669
266993
320615
802334
640778
230343
244454
699079
159504
444007
946413
520454
280656
518865
965690
113449
276558
808417
976509
719785
496758
936397
321005
660834
491661
695537
164592
500388
239400
715857
307548
829059
810804
224024
634399
744516
990902
413342
393662
678995
659473
315502
456724
639082
212132
390094
205468
237771
939167
159611
412106
271154
979963
139739
238215
919231
150746
226472
720221
192543
134009
390620
610210
331750
991488
578939
871396
192934
375263
703319
458439
570379
420936
673471
155471
632690
599631
119732
546842
418029
651574
125326
808938
969241
205193
373124
963284
152598
315584
274245
486726
306434
503872
180137
606396
505608
262394
293611
423698
609600
910044
769018
591784
773647
731364
306541
266530
975396
874253
809529
520089
532282
646704
118839
704751
426057
653346
318735
908680
298363
454500
776052
655325
657000
756674
380715
397380
867424
372528
382918
105296
394503
827320
291432
810405
539984
697902
410548
599838
330452
721952
479237
923632
909847
222089
138676
497089
388876
706463
538924
527478
459107
871321
423483
609127
131731
541698
494024
397198
596905
705466
707944
717366
911568
941861
658556
615373
761455
496739
687608
957368
959444
652969
133467
986441
590483
307853
541163
315629
109757
417948
499420
471503
780957
710655
221548
445186
883098
126075
938355
465683
647102
568343
525845
831908
968948
176874
945485
799328
530881
178776
793547
105247
915733
867206
883564
162306
259425
676087
803531
422660
190920
503728
737929
929661
897029
704034
832867
804121
870008
864342
665418
596060
581504
917099
760502
814919
332613
523715
732801
387755
742093
224692
127941
704301
439972
742707
970442
473149
377936
130353
389518
712327
766588
651064
746000
931762
511714
734848
334656
554689
146938
733055
253133
406953
176146
814440
220690
847562
201649
156892
206788
788075
569525
413084
747590
580472
200560
119727
679236
140778
931333
952506
306617
193504
520755
105046
293770
372780
223320
203713
140668
363685
175379
657125
274721
242839
339105
647294
374828
347964
689443
276848
646317
175721
873203
838615
408445
980983
155461
924116
705085
569457
680728
762562
506214
491464
520189
509641
337954
952747
840585
982492
158582
420453
851190
765019
989490
339576
815341
372370
481091
421799
854026
329854
589705
750181
706370
323512
610722
118097
839905
893829
430561
110116
592333
479954
662410
520120
262675
456904
881722
543548
906491
771218
967913
715952
519613
493883
503514
414961
732239
856756
177433
400621
147979
972278
874618
801184
642552
505674
693240
448316
422650
515839
326826
637071
454437
450254
941789
180058
473731
522125
843153
703333
140708
975786
811970
586204
137268
917165
690048
829652
381566
731914
704125
962867
646720
110032
689599
867864
389507
380129
777395
339360
172547
212946
218380
507342
450533
161185
944412
566599
958884
989839
470660
928917
121863
898205
653990
190501
228543
751568
408805
683352
556455
555326
722480
980034
389609
652334
718181
419142
507441
642198
657814
331138
659996
345059
684002
542270
790884
913057
772231
764374
129838
881411
377073
950293
237721
488661
530358
648910
229264
184095
936170
933962
756089
420095
250920
137897
132865
494355
933018
149410
866047
190906
766177
152138
662797
596130
818403
800657
197090
529991
600531
704807
788107
778584
492353
541559
401736
126689
878783
366270
719209
728093
255279
891316
967421
766662
258753
755988
644389
769338
573614
603970
686410
380692
989973
233380
400122
113173
873861
617524
418557
946617
463748
776090
444457
666970
226393
239840
903153
949105
170024
660115
768324
994892
462016
479118
405857
975251
320416
313829
180109
953357
328082
123229
675745
217182
461744
677991
985484
775498
328190
337732
326690
876180
722198
424088
551489
337464
623181
335450
492116
953277
121047
145461
455581
236039
765611
402907
868152
879172
124865
805033
585268
258451
119074
891073
474777
384898
369510
732429
845363
707144
332372
783787
770757
333373
847675
283789
527717
754889
759824
142043
838399
757243
837714
891694
866173
874536
283238
572732
546253
267368
184925
486910
361916
329831
161756
589033
169028
475394
945880
453730
971315
842855
887116
808686
923105
637831
717400
238969
777401
925800
786499
121747
363189
949492
504250
584858
512828
979341
593411
475683
456191
309653
258671
303797
737983
622575
676791
379985
867940
559836
570208
488493
562077
778650
256046
292771
179709
570191
644881
136966
595617
630179
793509
207266
806639
498719
921129
756829
109490
599373
713523
200651
574872
988171
578264
900763
843974
957344
414745
305954
631277
155983
463769
232693
222907
799170
696579
372091
391606
336167
147945
932536
762474
150765
776440
708696
756582
207070
963980
670068
868661
510671
671636
578620
627756
303003
944686
364264
593840
821178
395061
271233
852391
510843
196981
738829
609380
256780
470333
261838
493525
633595
336459
355743
165785
830523
835678
622040
997682
108307
710690
734370
382956
148052
390780
183607
710250
482377
883708
331194
338948
291513
755779
234531
866772
569004
124015
118827
815115
824361
784220
148337
999432
304554
805356
780026
286496
762615
517601
357436
227759
426939
532993
393577
958389
527942
207330
148364
760699
700029
935170
371190
577868
171564
207741
171856
383914
744773
102468
759026
623868
572007
209238
709827
390626
741274
840295
157006
912011
460040
854359
485495
509055
532013
400375
138305
986652
965014
388469
118253
413125
830670
645013
506698
138468
565448
708008
383098
802783
692259
567681
645212
825602
434757
832221
968823
499297
964570
447624
684218
519944
973017
948633
426830
995856
633605
209535
179764
591306
320341
654896
134735
291548
345770
692250
312471
196916
691775
476882
835022
633628
907322
844326
142860
255316
872540
526620
206797
659670
770558
852412
481254
697609
701315
212355
539486
676891
905650
836625
988765
644265
265849
278842
772817
618797
486518
643042
219323
938415
183690
380581
234479
517424
149409
879757
126783
417100
769577
580491
839354
298691
937972
853201
630593
513208
181710
377300
781934
285290
603959
867643
793331
759830
749517
786813
662195
900530
377801
828495
567652
145031
856930
323247
175798
107560
487351
777747
352554
318828
636444
869230
613263
458763
887060
349430
423458
630058
186208
507727
380044
407338
266622
207843
918318
164624
667766
643970
150521
777660
498304
141340
124826
593773
992561
932390
880941
729240
475532
465096
650972
934547
575792
272345
679744
997726
371057
680371
228042
739320
238483
265517
928940
480707
653562
437392
856031
602684
593950
819522
104139
856891
215141
591385
639838
153156
633776
119645
812942
452624
287119
218720
651753
433674
605643
224356
779689
412145
558461
145541
940087
129138
729252
466971
716185
220744
271907
711274
940448
724017
698250
848830
559263
763703
513809
427785
451744
927311
253048
762075
631580
211549
898119
975291
294922
468028
517653
416774
302156
441488
830313
650153
517095
142833
805530
334598
378187
977778
242715
143383
246464
907931
631296
819953
290992
481452
295367
563886
557009
882806
635752
423157
898963
764903
687713
467269
365808
226397
832126
866780
290984
512868
227720
938639
954084
687230
477696
837933
337286
326089
944844
411087
377639
712815
748544
227166
848354
681811
466108
351191
391376
931655
612815
946072
619028
454859
500454
747084
965112
290244
232274
102488
417038
172151
419927
573488
575265
498694
253468
899012
406546
951636
263318
137484
743734
147329
690495
339506
656249
913519
437351
173031
371310
844960
882645
459942
581725
388998
106268
964457
225824
163708
315112
239427
881473
361422
984542
532212
982058
143529
327316
534929
325025
444946
148659
845192
967986
339619
182748
570993
388672
789242
667316
145937
490421
346437
198592
346908
776556
790411
556064
896910
900033
192247
144902
532261
953788
781966
164309
808245
291674
630625
969237
628541
769894
140945
808330
217782
137277
691970
207371
915496
847668
544101
525462
151733
375539
764982
439356
243000
283227
672334
760944
409870
836973
502068
932595
811150
696946
257552
375146
119766
525790
976760
745036
406016
875143
365174
261015
506266
259933
597690
872498
105894
559260
876198
757792
711077
937902
752046
910707
133024
133443
279876
102155
648910
422241
814078
656437
975757
789369
966188
273426
600691
309291
565812
595052
741021
961979
557908
497636
450875
241274
435509
470392
320764
288675
385460
589080
284916
431591
525720
218125
738192
212018
716981
662006
407717
393120
966324
984692
876128
459584
851818
561057
298452
185115
305170
568076
309498
615727
341367
854572
140740
687747
116327
964008
845721
714000
284371
346584
816972
274312
949026
842142
495823
796017
239315
702326
899043
460447
502451
400779
122347
128449
295203
350325
262866
633684
201694
572064
649927
240288
667316
399352
900447
149903
503551
984332
215370
416903
672333
146426
489475
622451
818977
407614
263876
714935
218824
569758
690617
745555
120831
321272
137806
479907
490571
421303
169920
794495
676640
893429
590546
329602
139658
746287
873310
338654
726828
912136
578094
779566
262617
179245
956388
263246
255972
781216
334404
205241
443655
701365
795773
573229
968209
929313
597261
286119
409934
272585
830884
665172
418108
885113
900390
599312
614578
886569
110406
647298
436687
963994
361655
781922
443803
678145
709694
209812
241722
773947
967453
597405
966867
259752
829479
770546
753623
323511
673004
640296
334853
185914
601507
158289
500313
889485
607889
286901
548357
382918
316289
150593
864041
167328
865451
288565
575261
937289
696163
139645
758253
730042
463753
220035
709505
751086
276152
203020
273279
260993
783417
468623
276196
573818
795036
479480
622832
623243
148131
114328
682748
146514
692533
709142
262331
495619
312382
960072
969057
860253
399868
480958
862662
100471
825252
150713
650575
752630
285824
577600
707317
386855
652396
581576
155536
293475
996902
712854
144431
403333
545724
535268
310571
485497
565455
696445
314954
782527
410046
300708
688386
673190
524208
315706
232084
663833
769146
458381
233125
219576
318210
877254
583002
964156
276716
506750
751387
568185
465595
333348
788119
394409
815386
752856
518580
109358
790686
948976
543237
460575
738566
928227
253969
471497
759964
359708
912085
524924
219253
103481
600967
484602
550536
611716
412228
490424
444873
645484
993438
830013
580015
468323
876195
974012
487271
376231
637311
983474
459659
889238
715833
455104
479486
512030
747309
626793
156631
819599
570302
804535
277928
621649
663312
333817
992194
598407
711674
188817
269164
830853
271952
837660
594495
460795
331379
933386
685814
377620
116485
612824
734136
814057
622373
260201
593925
314610
326850
751281
979173
174106
834038
799371
982120
280271
994289
693526
339147
144355
170434
579863
159265
837253
466399
840690
865218
560545
612906
229411
419354
233958
938668
244252
858855
595174
243499
624478
638709
510978
619060
503557
920780
709137
202805
911711
242123
747697
724938
142770
971031
310264
907436
369353
805249
226071
204274
777442
595830
579263
616478
320732
910703
727545
733818
697131
452149
139151
261040
750363
105225
174483
400757
297688
834300
708578
608168
779659
311622
691999
292972
139505
664644
823462
724023
503710
982627
720918
575051
917349
316359
876938
247803
275361
658868
924895
274522
152740
930973
757133
609130
400514
847160
600033
295751
543855
557885
894412
529174
721079
348357
684509
725738
859283
137259
517816
213743
653364
693044
765889
130201
892235
950524
287867
290485
149125
660496
655313
446592
671013
222978
623980
339390
130700
650968
744879
877968
307607
792930
526957
258379
879699
882612
108212
165755
115026
327047
602958
251741
836395
532382
189920
184505
945609
411591
613780
651811
612086
542138
603047
180105
552948
351731
749444
623792
989618
963017
430714
390328
326069
114072
962823
710825
163536
668289
907785
949829
904296
212980
705869
342338
630629
477462
646676
928539
881793
417308
129951
311009
362656
121425
941134
383451
615491
149744
617350
641828
836384
484183
245956
659946
376439
939302
176237
454456
853689
787215
617578
554644
203858
294210
468809
119448
721374
138296
772665
657979
471538
881245
630938
810312
687855
311625
212887
335368
153712
403171
525142
824774
516076
574446
200828
589079
671858
395315
548558
636034
503488
743067
480845
892985
844514
354225
846357
561105
859517
151390
185351
228220
772015
361536
293319
523334
631809
245439
465022
759275
668663
758057
615231
977133
470947
399260
945014
938461
283775
352486
932869
790282
233629
284813
855165
615344
681036
330225
195710
481552
341900
227856
634761
850048
475011
849851
422883
622086
826086
530450
641926
518316
481187
264298
392778
129732
630329
109993
491338
947691
458827
460169
421156
491112
590840
725164
909154
128357
456376
353392
871514
208228
329156
212701
936042
889650
775613
795548
144385
565651
405605
998490
424232
377976
152631
327547
979882
208375
910438
658435
508499
348637
356274
366284
488496
301373
471163
703868
825418
548517
487134
840775
475350
798834
826357
592853
884675
127228
930027
392842
184370
933217
397472
751398
234435
470166
938712
973729
836187
639108
657416
862405
165679
109425
146322
248095
874459
180696
626274
799092
287210
675618
157115
163112
184797
201094
761265
607221
650930
302669
747515
903763
463418
167678
278630
429210
778883
561041
343117
892998
950071
296479
859272
526015
549415
916067
894457
607202
813906
816785
347186
834426
292682
271113
970212
459141
967682
945745
660284
964948
929440
949029
766216
146663
476987
980001
972759
342479
538945
172383
815116
944927
106390
953287
752359
288814
894972
930114
277792
994691
722693
519172
288473
917265
106078
818455
757636
601511
390384
670456
759741
464663
677857
568460
825331
964898
613627
467801
625452
551962
146419
531822
777361
542346
370097
645608
703229
359752
764014
360336
860354
471777
941667
989189
548086
648015
890835
468592
928535
182806
498792
221005
842814
636716
266030
946391
353210
878441
717324
200192
738176
266068
608021
623380
739273
384665
308293
217220
690089
158332
996532
488048
793879
201826
449520
144165
483648
842989
289561
668418
724216
236990
943193
144582
978843
419146
661090
328087
254839
899682
265291
682565
875577
966720
103617
581457
846950
845579
615496
281719
296150
793509
595567
687692
598234
583068
577910
951512
855561
804005
240448
561788
591398
199506
148794
837338
481261
891378
518499
842896
297425
710233
210192
261736
924249
841018
131032
243383
851011
751206
930976
734476
169182
844031
782308
149997
484611
527285
285823
153786
387522
642506
299430
750626
173322
741429
994472
980349
451779
335991
426215
545801
787532
828139
468994
149360
331122
177659
149369
464055
979890
978668
469299
264045
356426
809126
138840
180805
130552
396554
558893
532234
674623
262175
658179
312935
456490
497499
839211
162003
879405
401699
601239
831164
228032
923393
340764
419540
857569
409859
527789
314826
247021
374672
461187
756330
413666
196499
561244
445802
560930
682581
196730
312487
121508
453397
454633
376271
580862
422948
703731
562612
409692
662152
734359
215039
323844
854354
431637
343812
813531
633814
163043
561489
550802
162446
554742
738502
554632
786291
276315
775428
218146
313354
137765
844118
461343
830234
229784
581030
128846
704014
648558
501005
728837
271023
734299
794902
398146
386128
989761
949364
167897
148566
654300
886691
558625
440391
415155
212953
149999
214252
852810
666993
234790
160896
110405
908769
413583
329151
460473
127171
234664
983359
984386
646540
636929
881274
972988
644624
666289
519939
786030
308426
919550
634216
544374
323675
742357
237711
388038
168144
501706
518185
809456
603064
429518
188841
268107
203560
487486
750094
871696
459426
169069
183732
788816
854128
606566
816709
438999
145792
346952
987396
883311
557193
128125
133193
159339
228494
313887
636263
837400
499254
707731
986847
652083
967007
169367
899804
394367
831064
344680
319368
768279
971950
202684
342501
895805
956486
479293
276275
497653
717562
744942
408027
717756
731790
542325
606827
740581
755581
864007
105001
784414
312313
890891
542351
999138
770378
456479
470979
213104
846508
413668
128116
790712
152591
443661
240437
954327
534938
943779
486321
887796
902470
221459
808327
262853
696538
281797
833002
550897
660164
854595
150334
251522
562667
820554
618950
927281
807512
326878
560859
541092
212660
168893
351732
219293
366758
358854
372117
746465
925557
787519
849082
994187
353854
224111
782958
280045
240962
672814
653772
288504
454463
107994
309574
835325
296995
108214
891633
736048
384995
550912
721722
705293
692741
950544
382134
703149
585349
452573
271489
963735
387945
998906
401232
166226
787591
743165
709940
233127
572033
801007
168064
912207
908647
549246
782477
623069
516502
692816
797248
279763
421968
420014
409411
116823
167664
126283
476186
846594
908517
283659
162018
851882
984225
789748
953054
878189
536253
362218
559566
844174
344244
985528
739894
941213
198351
712051
246092
139833
430493
153452
974721
525728
813727
336751
581031
382761
845541
409111
506779
226478
284411
900182
251030
777062
267421
818538
934766
362015
162277
559466
976106
362738
210822
536612
548811
497193
464173
381597
514830
594283
480766
447943
317120
543081
217876
343880
356417
768746
611657
139466
935200
944737
619571
202980
599475
474071
149276
454177
411719
468979
533420
223991
740623
469938
741755
537673
233506
425647
446368
733798
267921
193855
252414
159316
467038
797337
896179
767196
320708
557051
376926
145662
474838
151471
845933
287672
340858
713600
519755
866096
387802
945877
310952
587950
847791
878357
351706
510743
677777
381434
752908
396225
610567
626100
888291
688982
732005
971169
885699
143551
965486
627124
760974
918758
467309
528960
703707
146478
431235
332770
415363
536232
236577
775398
607521
158320
994470
588993
231154
148682
756260
352803
610277
177489
307463
774741
574317
530712
580799
482118
345974
488498
231670
444907
769018
335418
893919
841820
637489
695788
709875
565475
928778
635571
672595
801204
340631
202690
197653
511755
811048
178528
516903
125148
697285
650217
181236
755536
494411
444073
873520
217276
275775
252515
972118
735903
636378
821627
710619
936028
562483
493355
959648
777090
784494
603065
678270
427719
647346
383877
594756
680542
281940
693514
881694
559612
855348
537327
904509
915023
140966
589019
685737
549955
614631
170991
310996
912319
941033
780275
709500
729596
105409
303188
894269
654573
996902
920353
280786
366096
284910
505235
135207
443795
254463
268399
508034
991528
623910
839121
337001
124376
712278
282263
755906
378338
635867
570410
831671
656730
544922
595329
709438
442171
172510
146609
290205
914921
554564
529287
764454
890888
618379
643476
879217
579440
798542
677625
861265
969153
319182
644058
118293
640262
741640
549111
434474
581797
699242
545478
431513
210009
124828
324768
379821
340626
985393
726103
288402
365013
226860
761302
233131
209874
177448
919005
806646
542189
240973
567118
478894
204319
162521
284665
152680
749623
397290
291981
132953
525035
540805
431076
893804
498956
255185
274795
101047
366185
563582
148000
334708
987275
325916
165089
571069
241427
959423
128609
528551
514549
107998
322152
945432
417576
539825
480468
997698
987135
639890
675100
185591
992623
857437
626386
451758
433452
253903
670599
725525
259830
807359
476043
717846
384228
827538
150007
997872
770345
190769
392855
320636
408496
236049
397974
203473
414998
624001
953413
276598
801097
664731
492465
226723
166279
830622
505613
360946
674194
934656
618867
490383
275728
513325
403487
980921
908738
417122
562035
477617
632781
363882
935814
108191
600113
789430
413088
502188
354920
924015
372266
687268
910851
491814
871070
700934
811056
603755
731048
415355
957542
231317
521178
451710
960972
111398
851966
292784
380840
365895
991242
239109
455522
299266
953786
612850
876248
991415
850689
209966
746139
168479
916244
681851
464176
245493
120896
833508
286161
607506
958802
387428
746930
827088
484657
876985
154110
695079
592232
869517
391404
297168
134799
794023
555279
405991
869317
778802
640562
915817
435188
395860
926027
977787
321934
149005
161564
764458
149927
633454
573235
169723
127615
952453
424047
817412
559598
635046
318235
142092
707575
926779
256474
176934
822696
163900
179853
312166
308121
644213
727410
200964
154016
205215
305199
122499
436244
418453
762345
625186
138563
420292
932351
833799
680313
596579
228101
387286
387214
780746
459456
219053
651929
557771
148450
256279
773494
108074
800600
621419
802903
112363
286367
774386
614410
725323
231614
835839
712565
160754
884026
536569
648457
794433
104896
147360
565899
610856
789154
560704
487527
253959
298266
288790
868145
727821
929773
454566
438002
637252
952636
445410
243385
292823
520629
898716
345465
971241
671823
830797
772138
927593
458467
562062
918493
472731
285479
933044
489781
484873
734760
948223
240256
543008
337880
823770
105132
780378
901063
777307
942511
173901
808307
763021
901254
732470
513029
855757
950642
784043
754087
819931
477427
628530
705475
489277
884003
364443
797086
263828
313680
679291
879985
131654
357397
484466
428182
974894
984190
683997
936656
492385
475606
559105
466369
623469
543579
594667
594995
922210
810017
906346
747978
719824
834478
323289
144278
559720
812129
433412
224312
381065
639272
230877
883270
556798
460696
852599
155813
773818
603354
855993
560478
744688
262949
159519
822029
556113
830898
523993
292029
772835
863446
400770
773067
394702
868947
912111
263271
155426
931023
896105
817402
325683
785951
165449
513894
694614
461890
743568
298792
736275
880782
353046
803922
822895
880414
468322
942146
838173
137142
360814
562429
660207
467242
550946
630389
805180
395818
213345
300955
527126
636948
889189
953615
348525
437621
852414
102225
839324
543316
712651
670228
322684
459309
394569
567880
600078
817861
836048
952894
497168
295442
636755
267213
769126
914519
256544
344460
599277
161082
623790
334451
468464
258955
851961
786236
663586
458317
649864
577136
379338
347826
892747
487096
195411
605692
367734
541002
452835
361897
315647
700644
277241
190710
527145
646511
164838
465786
482475
342455
631700
505837
891991
578981
182967
917910
870084
466675
301017
449622
214762
626389
710815
604073
340545
305009
850350
987232
544256
590441
400104
409550
328181
897586
667248
228983
623180
226392
897584
678962
366630
567820
981401
889716
276734
811916
477194
536301
939894
941344
661171
572641
877455
848510
197439
764914
268298
692035
991468
252066
743142
644170
611178
797086
192994
476796
307384
666322
415969
876015
306463
345081
331343
517420
710746
419478
878047
218486
693499
786005
748459
157577
426082
231536
568315
271287
242756
423726
563402
569212
108713
647303
240791
269807
168485
340821
372185
158038
568520
519845
474499
637096
831580
721319
185685
137243
179933
336908
983550
197697
318868
204099
993356
642425
992397
191741
902539
498057
571251
768834
673515
936247
644222
938946
296784
956549
862289
222942
130956
510529
395084
667925
753160
931311
357636
671542
108362
441322
845716
883143
201159
655219
714519
918703
270795
597661
132087
902394
250330
429168
401647
474622
379363
581867
776623
210201
970794
358198
131649
759259
516655
890025
903700
516030
290520
471880
160999
327616
960558
834602
181560
153277
950138
434433
885925
593011
960263
293377
399679
614593
240493
944352
888964
337981
132066
116004
994882
323019
776895
491356
985765
400350
992404
754367
547661
991587
978285
490068
756509
879209
961361
338350
490157
468779
105232
320741
907960
130472
535813
806163
521179
771221
778640
701601
920200
823131
382083
320297
784379
213013
580802
871781
272584
174181
972926
481016
209727
595859
111545
891775
754735
470642
444351
172779
546858
988380
418822
219328
938243
506857
287884
792500
781069
314376
931664
163289
176008
755592
270478
719269
138090
214599
726714
337550
308324
789842
830492
637195
705968
903419
212382
204128
933386
464846
755931
738595
367148
560439
253274
448630
590428
817685
899659
144468
611413
309798
426320
844941
427931
192218
186428
816059
244608
394770
202218
926304
539192
253798
798526
286493
957201
947392
575702
669802
302570
901246
327029
822789
364226
523278
746688
900282
136527
106627
783119
231227
972373
115389
948645
407321
366278
126716
930486
289589
937662
707539
295217
581574
820017
454443
545210
780078
356336
440130
765775
662628
165746
724775
989016
496409
137820
865437
227966
224410
454705
624767
636142
242583
930361
678496
712777
352230
314842
563344
971474
653321
423073
364827
281623
349230
946274
933771
355131
948615
386083
648742
214028
109729
498300
641459
710467
699157
858944
229956
212552
573640
210373
686206
146197
791809
586299
521743
997263
332415
412203
665400
901128
459631
980698
646929
739389
554243
541061
367289
223772
544483
375763
640362
401653
918911
846418
819414
578379
931238
386796
424555
808533
163407
442945
736568
864659
679624
552712
698586
751895
252429
570606
447776
961689
602537
155212
492747
262987
948332
539104
125097
253229
386213
816611
435561
342871
312693
839916
206430
449670
958129
999772
585775
364268
616796
997306
440053
693176
798942
261223
376426
538179
685581
226102
420980
671982
600172
210884
921186
600482
286970
792425
312164
103187
800234
148270
136426
539297
605389
366269
624047
848723
881277
614093
361141
907037
424619
716191
359011
144085
266028
435115
675878
295750
830526
751017
211804
938156
479840
642285
907124
341492
973668
651173
974019
531727
692279
650056
334274
312294
116368
594297
292832
413288
832677
475734
235136
300400
315827
194460
288710
643365
606124
707984
738350
801195
153500
578647
187895
901346
942749
124347
340189
408476
377502
356406
535928
797033
403166
773973
331332
456438
257850
618776
242635
519125
163611
453018
178458
961827
492402
172118
227331
990742
264542
236237
510345
184635
310294
414054
445161
351335
983202
870502
277491
659975
342075
838795
932953
889286
649030
100291
161412
517947
940558
790434
331673
675913
436906
828217
477498
332167
971935
937383
588289
252095
438993
900732
250779
137072
735088
273927
947260
117474
106604
393234
452861
432148
372458
278915
138290
659091
999602
563692
108865
895513
482514
393472
519556
657435
714130
992461
901361
588725
762243
661295
605696
684137
575940
643554
951025
651717
544015
626185
872773
829982
660352
928847
182353
262914
532773
209502
652985
426223
839554
798035
525500
810728
324530
934356
631991
378079
682960
469711
468520
669439
115599
199228
513141
936738
787097
631288
596546
249966
465225
501703
573904
519709
983823
981319
970241
268730
345809
889078
619591
983459
397103
686142
726121
295749
537384
500002
163208
540862
603221
243097
430451
572802
184170
786370
391708
991100
415687
597767
429563
681187
461528
288722
380014
623686
649745
789535
638299
716259
943269
941630
871262
119641
467433
719221
247946
942757
157605
497093
679141
306446
252518
827666
884806
988503
399244
232259
944753
918431
409687
630997
628488
898967
279095
150770
745664
940525
463428
555607
700822
364844
367124
453276
613491
756608
637147
504533
342507
605825
141875
903879
971432
349181
118171
762440
951164
485553
723497
356264
412658
507659
401212
765401
344065
833475
181836
748153
992213
941806
571964
567101
711184
158457
238265
370426
295609
265014
923971
397198
647214
760750
480012
137083
246994
924641
991777
869188
280382
944302
307322
190412
391871
441266
785263
327345
829056
269295
792715
195611
619607
508683
915922
320100
930724
934849
119775
527383
182269
720372
440742
716480
352044
407168
730017
383888
404313
638232
601833
398835
488825
129258
376449
286903
241954
710806
116928
491412
436034
492899
110603
624101
362599
780428
766824
740180
259898
978284
648307
292411
341652
692058
627849
571414
432122
224977
607839
218783
777311
341507
709775
362209
825233
264221
786391
559010
488725
759371
782929
483276
752229
121782
723073
728291
348005
708805
477634
928642
547900
432566
501431
275381
166219
641249
883913
300334
893648
758121
209029
549606
157368
549195
967564
744419
313981
671984
269225
866719
416797
141011
519239
382276
777077
189920
825781
105497
387979
241813
496609
492050
598281
542079
603965
137801
850924
430905
648620
132695
867511
383447
145772
102362
979968
159015
969799
131504
159838
939898
435058
712937
662184
737455
289054
308232
593453
472233
641167
237425
689359
526609
702828
794768
460833
877883
573321
255457
614692
527022
248303
367597
264115
602446
487431
292558
157319
292495
385218
827321
460976
839809
478973
955944
857651
532309
529734
809339
979424
520106
445689
172122
852378
882341
186906
835532
867829
437760
181166
715453
727229
364760
931383
393150
155296
167156
429276
150984
189979
456096
475821
506670
300100
159486
211189
925117
936132
547833
126224
357888
731942
174525
450608
572667
367265
462365
508351
689122
913817
595235
334380
901659
979244
515479
781257
122812
194319
215622
427056
575040
557817
930056
439249
852304
370907
501176
520608
545242
157273
320785
139860
807767
426798
646108
239564
152876
611389
336209
326050
991299
507541
487821
431336
560602
251078
731681
561012
648185
315241
980571
111163
999034
111165
171701
799403
326383
741503
620956
511644
647849
909316
650488
404103
275567
548151
753759
435277
901291
417757
329662
229033
689002
480879
282792
332931
769908
911835
846973
627342
124378
140724
205239
896618
556435
400034
577226
707114
716646
579264
927191
692391
337222
882688
849580
890447
787008
430108
655205
406248
151042
166448
211914
606759
230671
534679
665533
803711
538460
944163
921649
877934
913842
470213
731723
245926
248599
122846
706886
784599
628307
394724
861677
799180
907959
662804
193548
428564
186005
412412
300278
312517
408056
760352
258503
414250
801429
912854
944557
863301
371887
853725
733668
517733
702437
117015
217192
431639
533991
533017
543395
536302
954337
836149
945733
636426
272191
640867
370163
131150
163623
974298
874573
523456
295844
652549
351762
744422
971265
879753
768175
462780
522041
940814
314813
404386
359336
535750
329332
980988
748639
546781
292444
407243
992475
709831
907320
843403
696484
729486
895811
253624
437321
506899
114421
752592
173166
161187
911587
846567
634143
175711
278732
901808
804814
141614
744280
399436
322010
250068
938928
775968
932935
894014
377718
221695
177633
106213
540802
651509
127738
423151
333662
415311
462247
572415
498288
797887
586780
331154
758339
319760
491453
355475
939478
271588
501537
609239
296256
477707
867293
864449
331536
733840
988309
133770
510331
998721
916887
463077
277073
770061
267170
412665
886682
798100
249268
121627
261786
419303
872672
991879
721926
598624
615996
998739
127593
797304
271447
545202
290294
988936
629533
762229
664545
947501
670961
531056
200607
953734
828487
475811
173159
175727
940784
310792
388575
919528
705448
996466
171418
307776
648275
851235
546495
648190
917327
410616
811075
719398
409259
204384
656268
222131
481815
470802
339268
824844
779538
690188
150808
288979
370930
490482
893760
675407
461887
923324
452344
131537
874103
503890
183604
873903
584007
840656
385625
684182
213499
404602
291707
988480
658122
482616
458888
410510
357198
814236
751228
220085
465827
646402
927245
626362
637932
817987
538556
454582
996225
806732
829955
566456
822266
672452
589888
966404
916166
948404
230762
123715
396235
458088
816444
385576
258123
664436
797855
995563
463539
313422
957411
326950
301597
234541
726019
970252
950502
521586
638127
249069
251579
401171
520727
164641
471688
803898
382322
568932
513847
909249
422960
948341
574723
376258
238375
982980
431115
221011
537883
399423
510856
145953
711721
995016
503358
899486
659328
426723
244291
162317
308889
249332
324282
964351
465930
874910
663137
350094
400045
828960
208465
145520
148569
284137
530665
538420
155654
732975
210092
782049
583508
442442
938262
776290
582504
920141
171933
297143
743214
575055
557941
748636
944185
902519
442492
636847
599668
913280
773322
109106
869934
418006
489213
557595
591153
313090
507340
921059
662256
346406
263889
782495
308163
903390
465457
896389
192849
892271
844212
284054
483289
451170
199802
221894
323368
404448
155229
416750
525675
966461
427508
835703
297958
356329
423357
818699
510842
953836
269847
982102
737396
360946
286390
301193
717139
431038
912629
487117
359776
173902
882155
906857
884257
172467
380979
460553
310307
683998
990046
704510
118061
335311
858814
489741
644789
226099
646190
330374
875366
815600
133879
211891
436408
255799
335743
762803
164068
333224
400596
727257
727522
415084
589357
952003
611544
562541
272797
549301
594646
857357
281267
431776
701466
508415
441902
868742
608060
908666
508591
426820
123300
505511
644752
101829
435996
457704
710833
212258
526824
489191
838298
395765
377559
997175
558090
653803
726576
755787
813961
410785
508152
767317
586436
155375
689349
279707
453013
200231
412499
827490
360683
923546
718481
822149
774918
424468
699282
745393
816918
169594
163759
764359
466099
103384
982142
546715
126005
988551
195643
799714
896343
244096
993777
482955
539526
552852
336156
538091
411548
482673
844463
961005
925534
354533
575297
912729
852733
744859
340938
347736
890949
235528
474440
155843
103030
455347
114055
332018
671811
683185
499265
504499
499708
131132
941671
697070
410630
877319
364917
925040
853990
503249
141963
289054
168215
561607
965586
985925
103670
801338
928907
681610
732096
886680
376203
275817
311758
716324
448826
524894
783777
779918
289719
694964
363429
683359
179261
519332
263801
147755
153856
282901
215495
682294
315082
849861
733597
571378
444648
786108
734071
147768
496229
747002
765755
902307
990099
171428
553007
870567
717391
378570
196036
561839
650539
597935
590778
152617
289453
576489
336330
359356
794757
139051
977549
675719
102228
962127
514888
671250
404574
428739
229137
868944
316633
402463
609322
113763
293733
835712
845894
798205
594896
474244
675000
525488
238961
751912
818606
966007
473258
103129
342985
694246
428314
201051
202027
700940
235754
359572
620814
922741
467419
287713
395327
447008
516865
785249
747016
237993
324967
958723
956733
987613
894532
866781
516515
602105
691810
912553
953866
158258
580366
368889
379098
836860
519989
428036
840671
315406
596995
328381
501879
424401
742404
791289
440217
350298
581346
440383
531077
303873
317706
846722
684164
970493
452288
311914
216478
122126
554340
957167
825685
734131
118207
567410
524922
159923
802808
565434
958790
497484
346143
259646
268248
602139
863065
632306
423290
974912
339445
877854
711234
189251
621254
504999
787623
925634
131205
167516
867006
987971
563825
604356
393726
520352
939040
818448
781707
106485
203829
201508
871001
493408
943895
152359
809419
199685
520096
320504
339784
957093
604767
452823
471324
959749
607895
377694
406061
439292
789449
630327
255742
283713
769608
917595
973885
125240
411221
752546
507914
850761
912867
922010
827638
312589
576401
177010
431087
375402
656815
852131
298658
295661
364179
567452
721767
757512
412799
783713
220403
620293
240999
701902
806599
411971
940204
689303
232993
342532
729914
518865
860295
438770
416518
363625
255225
605555
574987
855059
965537
991248
829251
166779
691017
842720
207587
216596
492437
142191
320117
454009
728901
732286
688497
499382
690744
553425
215696
788138
375198
664030
100219
338691
881210
310039
937800
685088
422422
757049
254984
450694
183803
441469
176946
825332
618693
415160
861803
868470
945894
184543
972658
145818
579126
283610
463591
431328
879657
724790
502505
899703
345499
200776
364872
152035
780790
516643
650541
490801
246047
511511
170096
183626
121062
948614
398129
788812
824866
342198
467542
534306
105999
633319
665670
318000
602430
444103
915516
334304
697237
936861
679717
992586
849242
208954
932129
403618
878091
687529
668435
780750
672315
996905
868779
385889
220541
419073
608588
199876
362160
517769
566610
950732
448360
525173
868751
477536
733799
645873
453485
507622
625284
895217
899884
296190
175240
619043
262914
626843
989644
719969
890567
718363
218764
218883
301308
974187
543971
484855
143964
532065
767406
441495
233058
247679
688793
801370
880501
539552
483697
344055
706573
198901
364087
618404
105352
995456
737016
653989
468753
681516
913421
263518
237868
488546
383257
188513
514222
388977
178416
384129
723009
594093
449224
565392
245151
191212
458735
282144
593002
271210
540139
858718
933437
278721
186360
405844
915891
439425
270329
652301
161917
252646
380337
424706
642464
310515
196332
139551
141392
379050
888718
694336
464244
997396
226431
258425
239583
909303
937087
513176
920365
400877
616147
248212
585346
975609
221613
595016
742407
575886
612804
702957
155021
767485
100149
352633
135514
629759
712947
768883
209693
211220
262912
798622
823586
234361
802765
132475
943946
606560
560840
538800
241301
826060
316929
117226
469857
499538
847868
275443
444378
502762
470194
837179
597265
942502
322492
551394
555011
376780
547888
850209
730233
422945
158625
317762
433803
290397
747471
334270
352000
275225
904541
346792
246792
445899
307930
569407
301235
151750
523218
643486
880234
847747
878318
188031
236870
352419
246383
147464
568647
304154
192068
481277
366220
189862
981931
750326
660304
610613
750693
878336
700890
147038
205016
980894
385784
987191
798604
935272
274893
288484
620695
384443
211409
130749
876142
873178
439416
298256
571681
591565
651392
803342
261020
713879
516126
959289
429357
472771
473224
773755
765684
430036
637359
352660
728817
151479
713778
492525
753650
356829
185061
896696
101744
846841
952746
837550
710230
368306
366257
936858
859833
403538
276491
822155
988081
559590
888182
613500
220568
827583
803825
587677
411431
791344
671443
460961
665712
112964
127902
984777
723940
950699
270529
367281
541566
188994
988522
980145
619236
332693
995270
185208
112468
413779
605896
358385
386277
543630
437496
671231
830833
582014
306446
335158
947824
781861
796130
164744
374976
458555
655575
977700
841632
213789
292888
622912
885052
688392
351685
866526
485975
276034
744050
201486
954185
390553
636638
275524
996384
981369
424040
997124
744954
351312
129298
448284
277376
356144
901972
176698
156294
281729
728298
276596
932008
220888
274054
270543
474352
481901
755251
539721
627171
872886
298782
401290
951652
593391
623020
544640
367734
381268
972871
376430
274129
951030
954064
482635
954399
743745
728399
603479
564458
119969
177583
668929
563920
464710
266267
940018
442178
511710
923310
352648
826125
456863
124094
206620
612702
108275
143854
105784
682059
886272
297273
541536
179745
727919
105959
951080
971635
458808
459199
438287
858075
320372
180834
942983
938367
225962
747730
375075
894730
689115
917665
386722
965302
208746
674392
482224
913053
811918
210269
906517
758618
752627
746963
449627
434705
717811
911696
620321
597596
247342
494440
322419
819024
128082
546531
325351
917100
244921
382056
145046
329548
517475
925374
198210
673038
137685
519013
353395
660483
945669
769527
443733
700331
176915
331965
215957
714057
577558
835215
530857
606249
903407
273083
581111
869158
754269
552007
268063
135563
655540
877915
441398
650674
156009
568035
898714
134481
938368
633766
396068
768627
892777
204745
369136
965804
354061
363729
499015
743502
589511
210144
448830
157596
855562
461668
742294
174305
819980
428320
369234
968053
746521
974624
659940
591920
651513
721731
191926
274824
339532
371874
826691
979197
150676
192645
950179
879804
445576
409869
222697
352776
666794
695300
813117
134599
429331
986435
683644
411040
448963
788315
138251
590471
396569
525943
440777
821911
755272
861609
624819
396160
563937
246689
831405
296674
465871
340252
519396
964713
498236
946639
505132
474740
449414
222484
816386
810592
781721
284888
982981
594842
955718
187435
380220
785208
618583
715480
153337
948868
929671
755097
681434
856158
433568
334692
448072
527565
186897
461185
803335
321513
930186
959607
457536
529400
787859
228535
680567
860304
724611
600974
261253
467168
204220
656855
447175
932397
383346
961189
808436
901223
581211
745150
656794
178631
298957
994650
821660
714682
325575
644678
409482
626555
371788
893812
974903
630157
389948
529959
138060
105148
332228
927077
527835
933684
602930
300936
759318
566457
656524
772100
104790
351196
487415
732980
817044
697992
518944
101574
345903
455252
544691
878779
248695
929365
354919
231391
559370
844984
988361
893404
918581
837941
340811
694426
316647
252903
543642
594783
391472
947769
206675
443408
286425
280986
320718
174260
713653
376828
378506
458693
229417
181936
795269
343302
343905
712865
415177
172585
525475
285082
605442
274632
411433
866542
937644
991485
878801
942460
193010
683908
440511
664463
484352
684826
946864
569999
764817
498934
437426
434977
321075
242899
202217
149266
317186
744398
334814
655782
384457
386968
694989
836395
475134
769963
750168
965501
179659
904699
307678
363981
327063
233735
505722
983753
593643
176062
350728
811241
301252
279503
708898
567388
198859
599000
521521
812952
219775
281956
953501
715234
936984
817582
105368
795782
606848
910394
953507
484513
418077
815973
402952
422688
462519
246147
455817
828184
355285
552938
790108
862981
132256
644233
975768
133897
232011
792596
928017
244866
712327
259321
294691
722794
336059
753667
117094
250343
373216
980619
121502
820601
357217
764764
158794
828981
625138
176315
402363
900454
474528
252412
982717
475069
909054
181906
263834
408213
549959
998458
195145
892741
234266
651607
224313
984547
691780
117381
573881
956862
458599
404938
607854
854722
467582
384837
471204
326517
498180
738799
774942
110274
241704
879025
732916
994174
936482
324174
975567
107835
592358
930732
148525
927167
718869
191373
471329
537767
932569
392374
550064
102453
450710
785273
315169
220281
621306
401403
667999
210611
972352
754321
735488
109409
879439
208910
265617
200107
112871
643877
566360
905551
616483
212417
238372
932668
462269
513148
697272
537579
916252
359195
191607
159661
112523
532776
713946
835825
212350
182540
258869
495935
952448
142471
504082
198274
611350
539713
511234
697095
995898
479113
309672
948907
601660
937581
337235
745681
990558
323276
217993
647191
928344
390178
105695
197239
104377
234045
522124
267574
208691
280200
151568
739731
257759
749549
180655
210788
752705
831721
318318
236844
617696
230271
330913
851549
447899
369666
532052
737247
903981
736760
150692
829396
882731
550494
376386
103333
936616
986736
909096
632913
709677
834625
598113
464778
687711
776236
537743
904687
138536
671077
236691
702190
839734
731065
468951
729833
979494
897757
207258
524249
331502
672586
805737
156269
914303
900199
133887
599834
207813
983375
106333
624324
144903
993713
811136
261678
352135
630235
673876
751281
767559
547082
129667
920227
383160
425305
200191
551406
910496
709890
861198
857180
225439
231565
500920
193136
203291
529018
699979
890120
153884
627683
155550
948912
380350
431491
394516
119706
800951
922357
825297
988145
627091
547436
647818
111123
770530
258364
111082
909331
708273
418240
805145
711034
335335
733193
305513
540206
796554
995272
655576
758873
414886
860152
917270
996743
992480
863318
176343
237003
675737
952937
650731
693018
501760
280874
625749
706424
253109
658857
867177
161275
506570
943748
945735
956295
813528
417746
216544
775291
766496
268603
302677
832031
168340
635960
847702
257155
756566
218243
107383
991822
522171
274197
307199
995650
496968
410820
516086
767014
308658
333221
203958
568303
587530
678348
907788
789328
636352
683663
269310
818370
698928
582800
210586
303539
717850
299430
180743
111799
583203
757955
287113
165798
296798
329505
613856
883144
166397
460122
394352
826164
478189
778163
973447
277657
390744
903023
463408
226571
574204
524994
795059
993024
847230
376456
428856
331268
207854
784976
626941
921556
900801
380178
469003
644170
132363
787402
711320
848176
421346
371022
769834
559722
712636
413286
313981
743092
905379
646289
395763
239045
150845
517775
951707
521387
119055
963972
814821
152553
771857
854134
921987
435690
257906
177040
527038
999927
682981
355231
188918
845198
712595
597741
730078
481663
466372
665718
318074
478258
789485
249174
141533
967945
829019
208682
481458
823075
910415
396392
832567
382270
201389
486112
721251
573185
513322
440927
449181
126222
427162
252540
574004
491510
461348
302501
678438
931138
876867
660060
921478
593647
855855
323288
662828
112455
592036
889750
501998
152666
710961
476587
595858
108706
370533
240655
526871
252558
294832
421853
866664
757229
192294
519415
791160
238575
106329
293964
512623
731706
855593
490469
647416
911386
425469
225527
999119
720021
636961
392662
249108
589622
565563
631811
914931
792083
146422
562207
554085
676103
503532
479088
890947
282216
612522
585846
826234
285485
307415
980283
198161
903668
516680
867376
371880
950630
993186
686132
779659
233395
925606
318523
528011
496013
200554
623709
496132
839084
403387
228900
470947
443583
586209
797363
796668
894938
610343
485885
587289
321875
661170
397535
239819
990706
327809
525940
238015
421738
860203
881131
481396
161382
861599
779235
986162
730044
216703
728349
185571
634159
325366
351120
802489
806293
640246
950749
369521
364302
734296
464689
152070
597947
228499
744923
803777
881063
411247
999411
793563
602187
787120
596335
560257
920664
794257
443352
514789
374884
207361
237034
618060
374328
804843
681115
257553
256958
944518
810779
478134
959796
448445
731445
476484
154647
711693
901052
499431
712689
676112
441116
780948
590871
377102
311805
561597
164774
745124
466239
859039
661869
737043
126107
900121
193084
747752
868199
883792
324676
690366
641187
588800
486151
376102
164884
978118
644182
809838
702267
286403
665249
876236
408429
527160
136794
753081
543579
501348
251727
559997
362651
729205
298301
916503
776969
225713
584821
640328
685107
814037
410421
873177
985082
645161
272851
355931
249637
209304
616985
350279
971859
701654
374671
636945
189027
788601
609672
838528
825088
616764
771798
508773
107968
280745
138753
401206
845044
975113
327768
830464
828568
501594
887590
861390
368696
170763
392670
392635
302711
777980
978304
598123
148921
391932
984333
304610
653104
614398
421620
498325
357149
814918
113971
474250
533334
117436
712022
181705
824047
854879
746437
976069
755939
516753
864164
814637
140474
557132
897409
589322
289560
679652
433690
632657
879008
946527
894634
430758
499039
911189
957508
516077
624153
553716
204588
654750
780893
827888
382598
686854
810238
713042
219380
145176
602475
990256
117247
419665
616585
837505
436493
337853
495785
432320
815965
943004
876029
490080
682774
494597
307585
628535
623472
187262
388757
967209
568812
980270
843689
803638
412306
809046
679924
571698
142406
687570
735901
479780
852845
433330
257550
314253
663826
746194
473650
118412
542049
802677
702973
103041
151009
969259
939275
307158
610726
710382
466330
225956
195246
679986
506339
874557
280167
208157
418431
945942
678746
787312
283842
206340
697696
423497
262106
136336
845182
678053
973839
654684
568234
480887
207472
875351
710277
762245
336369
242923
706534
125386
276593
192618
164678
795289
619338
205565
702563
620966
248777
260447
853027
905268
741868
352414
806693
200507
876346
752352
982036
786732
619121
849854
566573
373776
778076
562759
196302
627326
701554
534830
276056
860362
220677
700247
358143
456041
177027
530133
941677
481042
236179
708391
400492
100717
634684
717300
614147
554505
836216
949059
788021
272000
444810
912901
887235
692974
493234
936863
942612
655555
357423
371465
247867
266031
609201
549922
910566
403112
591886
479285
925907
184338
495666
964882
506792
166107
987294
661402
790559
147081
988833
589155
985864
657272
961148
695977
211857
388870
605654
352440
122084
405234
592411
476101
196259
801159
630858
493373
429713
604308
861275
610783
947137
863337
989835
219366
911307
864187
104780
555427
621249
509561
580953
354748
337145
392415
934111
356731
880706
805557
222773
197913
518730
369829
616072
588456
158453
871774
276768
532732
593783
519234
483085
344914
912514
710126
729673
477780
608746
685272
437325
934465
831861
810471
529383
335887
522901
426770
620894
345046
392840
484996
180271
620230
814137
550607
830591
267120
896847
774638
669975
200126
241439
882087
733580
130069
195856
965311
302086
125939
605776
184230
313215
938407
326247
860189
187180
241959
751109
619732
310274
731046
202295
162430
864290
814774
879963
277519
564510
472844
575918
734698
669579
562201
291062
169997
659152
452128
743829
203317
171126
302962
768686
168835
420276
428509
572535
750853
773497
821541
862520
264622
403203
304864
133482
866927
576752
543301
140286
256119
378979
261133
868223
757408
126953
668917
608003
633682
670499
988791
441441
741638
440291
194709
765136
216560
565930
161415
411960
507425
511218
196313
675433
945758
659793
744975
754163
622455
644897
300141
400742
707023
308002
856814
677568
351070
516389
992033
565634
152687
277315
280797
488326
414293
324176
530983
230866
802012
915475
402484
257909
121808
652104
737696
949034
962241
396597
538320
281603
324740
811897
413346
107281
963569
432873
854285
550656
937642
265707
302902
268711
795914
552279
578720
428637
280309
788034
308649
473507
327759
827606
467661
684016
747199
899998
726575
352258
390740
754604
922767
818219
967891
180543
760036
464083
792474
555952
791664
827505
778967
859644
674500
243005
697058
570907
463970
442058
666868
805352
108484
467449
799981
753403
298483
879585
500745
768170
367088
182580
344628
587094
485829
197247
351068
672945
280352
839324
942832
333363
311908
389928
446586
647505
813550
456157
625427
978399
648229
249710
177179
116286
928861
661683
954512
581909
235155
636603
257145
867141
416105
763099
207613
415047
700763
828532
742344
509096
197953
385198
285490
253212
362662
283251
572910
946078
467012
131602
293300
993901
497270
528242
723259
930970
542462
671090
626696
371916
827717
956787
349248
337918
754123
374782
804671
100824
545934
929094
617055
820208
611252
921864
566920
853335
662084
959644
533731
398342
309953
686269
232448
963153
622388
337781
475142
129472
416613
983467
572717
560098
951294
261554
539179
118760
354017
539968
660085
590980
939241
397332
548374
407181
993570
436267
647895
801140
933160
514395
448298
449134
886070
951773
740702
431985
626407
144643
897143
568670
835109
654959
748859
419462
832630
788627
400712
493067
619311
319771
679521
118566
585539
901356
922094
833952
297674
820414
460481
615943
368091
676912
730852
785294
857281
886915
306051
938300
990255
424165
253319
937022
837198
337485
256104
497327
746387
102995
189705
395052
499301
954316
120251
767042
562610
668691
563973
439075
179354
559300
935092
959570
835142
479098
132588
305577
897042
892575
878949
320200
934513
740590
269306
458796
769398
402992
233165
116919
414656
573678
551405
203192
436278
250229
541152
540876
848473
284704
562911
185977
534443
487219
557574
850921
248773
731823
100764
499338
955542
989407
655659
952224
502529
703466
123215
539978
395746
229269
585414
205908
732601
783141
131477
311402
644283
261564
486861
936992
240533
919692
909626
551342
299973
904478
584080
634913
236871
824578
559451
532359
960949
493621
260140
882937
618084
994378
137980
392734
207996
790003
598045
426507
588754
905515
393003
461815
451364
119229
949369
783233
460664
127823
192509
999805
728721
857084
581481
914963
763081
335994
344251
757809
735854
550311
245059
221689
715657
782639
534337
466473
366688
113425
208084
332877
115456
491763
343310
733815
914711
686727
404155
430141
602166
921660
172694
857611
811329
998509
873158
305213
633756
603234
997735
782045
353148
422917
285754
524923
616388
959776
694064
780653
775061
733452
663978
304744
608900
847782
193568
586596
496414
456448
894885
411487
297632
771690
127262
780634
328845
470950
542527
445027
189736
126952
202665
130414
811610
521530
646684
497488
178788
236243
996345
740728
447865
378755
916728
221092
644942
172753
710785
331446
843378
367610
671196
746490
373746
896244
501003
197283
831175
439415
145007
802697
534659
137744
242449
827894
683653
425713
787989
911984
752834
137656
197066
728048
209733
279008
131605
218229
797910
363716
889015
433529
938252
451999
531008
147471
490284
175641
300408
684934
151493
992115
773895
675664
500071
610288
296089
459412
102239
246815
931964
198937
403026
581623
199137
865009
560224
557686
481376
411245
823279
305923
957425
891142
763325
768123
400536
267137
888698
807080
994616
276575
732927
219951
226311
948994
606001
513567
399445
481849
108015
783224
920119
296828
430250
806514
953882
227336
970438
851892
517345
545985
844826
304507
600253
704365
700280
652708
327674
636549
329968
167005
450024
209429
604507
493178
508125
300333
382005
834468
349451
288929
482963
295380
114777
152817
789216
411281
585443
494135
984711
867593
699263
839851
516370
723602
562559
238292
907838
163537
317475
444532
722267
853898
573124
455649
889590
912145
898551
886795
494030
152877
416156
854990
684213
372739
818339
305185
616191
452311
176897
134935
784701
384768
898607
634983
265243
317176
318495
404522
359375
729157
732642
124243
909288
913420
143302
616530
512038
620733
847863
904730
805623
604301
380112
513821
468058
435857
941902
410183
130952
879306
675781
721720
947315
442601
822422
120355
619843
779438
495897
738885
271375
866326
285116
513415
799487
483357
699039
393543
188686
642610
865363
850376
691772
200634
920679
791410
824345
259171
973635
146025
698160
436462
222148
413703
770434
941552
860153
557778
350003
288461
567781
280356
665352
577320
252705
659498
633524
358235
119453
232586
148311
845651
380135
365915
213353
748115
493069
391801
215638
195900
272711
562699
772899
239867
202474
770676
993075
701594
812619
616040
386276
537088
198319
185879
728419
484598
769684
530007
450745
210952
445212
264923
834992
296724
950283
572458
831688
270173
422092
220576
856008
490131
812424
969035
360181
144556
562914
974346
747179
824697
229649
958978
179990
115275
357271
622966
273516
483542
464680
797293
350707
916251
344998
158538
453553
460235
281772
238353
709720
482329
531726
432763
795636
826252
767341
245606
823487
998925
740767
432635
379737
802998
630468
728760
563629
157927
982603
337050
821230
171233
289534
223716
619365
616723
326723
458034
538584
187930
406531
512136
590632
649924
139793
943647
557579
902424
351156
573395
235977
835875
368650
481309
496106
895073
636602
267056
803213
143123
338521
398628
948946
179115
354337
178243
557340
662938
725955
270152
156143
204297
497736
770978
714083
147201
104268
848708
203071
743163
627550
762816
778679
295549
114199
113656
755251
470912
529917
578195
303507
860883
551797
721733
248957
627834
633834
785961
928568
308978
511791
351262
556840
737173
559285
688726
740154
294097
897595
638151
342569
514921
870456
550919
162553
584746
964487
889290
998344
330162
857091
964019
580248
981690
386208
328069
839642
807002
398454
412443
958696
254440
355684
460245
900925
203196
838450
142307
377570
185174
396479
525488
118294
674830
521864
354141
429812
482432
957797
772843
251476
555301
191154
996264
343136
156340
261230
412785
198676
143943
280514
231262
369077
302901
444231
319355
411125
922434
987030
619652
826466
454920
457514
931610
798253
903879
495032
688021
268794
398445
186256
476586
780966
339388
994822
279485
980254
951770
171441
112572
330254
363067
833532
302173
176139
857371
836857
378422
918203
567050
997082
761265
409909
979399
229068
349591
940388
811218
900637
365909
743276
362577
790329
527542
555335
984849
741357
762806
838114
688546
224105
680514
270977
203658
513290
403565
794193
745538
144012
965397
671721
896263
256676
725157
277300
591866
578833
394106
211822
127757
421826
586729
977959
388394
625358
422909
557587
477287
675209
910666
509886
154767
226662
462933
810319
894644
823468
899554
913106
966109
389339
788474
830834
297319
758064
496201
177346
928119
221454
125061
735985
639624
716957
925582
574782
909896
326422
379397
834097
194091
738384
122976
573880
445167
305746
811620
373871
824586
254118
154702
194699
877089
791755
515260
901340
273081
267878
143392
599738
534986
510606
474383
596390
529271
975035
740952
965914
517976
544351
936999
963703
526349
223716
630693
916088
546182
140025
433196
620889
407379
109424
499226
505454
707710
331733
766600
145257
251258
645738
230513
219761
841226
378202
175847
487670
397215
866059
787619
346414
896882
671434
420151
109804
773967
204122
863213
551134
995829
586002
942979
577924
827969
186530
326694
205756
440746
978975
569409
298867
840975
114540
465510
290500
219523
500248
564004
636237
165633
769005
950872
725925
448098
806040
701578
927437
646605
278076
874018
810902
859648
263962
588961
696918
558629
828582
315201
575085
702540
992140
924991
394883
997537
920647
754616
156387
272826
702066
900300
942364
887230
428582
538086
662060
616924
140002
834580
171082
668343
418260
229551
612130
413064
368171
332827
914078
946596
902900
710927
809204
396918
246146
977168
567274
194725
726167
670097
599553
695199
788132
715022
270418
731398
890811
619764
959123
530527
517012
664623
194609
879541
410433
515838
330049
935287
263286
606743
814291
771733
470615
875979
313057
203620
235094
306971
560899
460549
367903
302554
205858
665342
815794
351693
964714
158782
879744
343174
620831
664981
100248
969469
355868
984713
724113
471906
197448
916644
293238
207035
678081
833989
835757
845296
992678
492121
174720
983179
730003
884016
850842
465238
590823
646540
333247
740366
592584
965626
613456
316404
594949
164718
953599
608837
326298
395036
758427
456966
334472
949733
286692
521418
440274
514160
949747
560065
136794
913251
271891
774880
313546
445526
641593
732436
545741
175211
807601
469903
872066
203015
762011
981423
751757
395428
713933
498237
107139
923538
762105
641103
160512
735449
980231
295912
783120
384049
372128
778753
554052
533467
894115
432978
724447
898542
983287
912571
325988
611648
856392
536217
620157
875864
282800
922301
421158
142817
149942
724246
171351
896862
755188
894086
591473
738423
886951
323583
949494
316292
825105
579231
813874
341699
375473
295928
188388
767996
935323
520217
448870
548232
342881
326589
309417
409712
262480
248326
993634
477802
946314
260262
842655
780151
848566
969301
380997
103576
242300
978833
558219
524100
550669
108270
436227
288724
231223
671532
785084
123358
744269
101902
323277
722944
115487
216427
762373
300247
541518
902130
153899
321756
901180
346363
321117
165137
745775
666073
375250
226687
161008
463031
321151
447647
519802
347064
851885
461637
678130
220034
830414
232742
472484
142899
379483
938752
822877
636969
611850
176207
918913
470670
920032
268984
817933
376246
928737
129121
862674
537475
950415
573965
738781
338778
433164
425897
519306
751682
369174
569737
759723
767743
361045
962386
956901
495045
256668
450461
452101
975897
163874
763505
239206
635309
218261
412812
358445
359963
383748
153923
980465
515286
771156
109785
266228
900259
745566
789831
470131
876843
112727
620048
945377
600946
850312
788555
946945
980956
485570
294075
212805
536545
981477
397467
489265
628948
751205
156545
687451
811141
434455
485706
644267
947881
459768
293914
938857
905871
896935
520102
857601
231556
240926
643489
417190
667773
372072
591725
143097
134541
232699
936734
476968
638107
442337
262166
823729
128682
263713
206946
194059
685803
201321
305361
835842
729447
601938
959193
356002
130077
392068
157268
990953
835243
532482
278613
855618
641506
978622
293395
300598
983399
149165
503239
852035
742630
713901
897001
197712
700856
727836
988906
328088
256247
190873
678594
396061
110756
786320
514225
629692
726647
977555
871849
578285
878447
707043
811228
198926
585814
878693
240578
449439
420683
279031
206742
910835
760597
756097
968309
746505
149038
551524
716959
149483
660065
409145
643456
754063
687372
745756
928039
705895
180524
359678
442725
272739
919027
493479
982554
189963
451811
505850
375919
766120
795557
794619
932880
296873
595998
995738
808014
150645
870553
883202
410179
762360
832536
848738
164048
809182
385805
763445
117162
448130
862488
887606
333785
363579
972716
722451
318317
538818
351609
753270
695324
503758
734298
780431
880908
957166
607625
603330
278142
109526
110263
690652
855210
114034
213677
